[{
  "pos.x": 0.16680599749088287,
  "pos.y": -3.465315818786621,
  "width": 3.799999952316284,
  "length": 9,
  "angle": 1.5721995830535889,
  "paint": 2,
  "speed": 0.7464988231658936
}]